$ 1 0.000005 10.20027730826997 50 5 50 5e-11
L 240 176 192 176 0 1 false 5 0
L 240 208 192 208 0 0 false 5 0
L 240 240 192 240 0 1 false 5 0
L 240 272 192 272 0 1 false 5 0
L 240 320 192 320 0 0 false 5 0
L 240 352 192 352 0 1 false 5 0
L 240 384 192 384 0 0 false 5 0
L 240 416 192 416 0 0 false 5 0
L 240 112 192 112 0 0 false 5 0
150 512 192 656 192 0 3 0 5
w 240 176 496 176 0
w 240 208 400 208 0
w 400 208 400 192 0
w 400 192 512 192 0
w 512 208 432 208 0
w 432 208 432 240 0
w 432 240 240 240 0
M 656 192 752 192 0 2.5
x 80 218 138 221 4 24 MSW
x 81 371 133 374 4 24 LSW
x 62 117 151 120 4 24 P2Clock
x 795 199 932 202 4 24 ROM\sEnable
I 528 272 624 272 0 0.5 5
150 624 288 768 288 0 2 0 5
w 528 272 496 272 0
w 496 272 496 176 0
w 496 176 512 176 0
w 240 112 416 112 0
w 624 304 624 112 0
w 416 112 624 112 0
M 768 288 800 288 0 2.5
x 827 295 961 298 4 24 RAM\sEnable
150 656 432 800 432 0 8 0 5
I 464 384 560 384 0 0.5 5
I 464 480 560 480 0 0.5 5
I 464 560 560 560 0 0.5 5
I 464 528 560 528 0 0.5 5
w 560 384 656 384 0
w 560 432 608 432 0
w 608 432 608 416 0
w 608 416 656 416 0
w 560 480 592 480 0
w 592 480 592 448 0
w 592 448 656 448 0
w 656 464 608 464 0
w 608 464 608 528 0
w 608 528 560 528 0
w 656 368 544 368 0
w 544 368 544 336 0
w 544 336 496 336 0
w 496 336 496 272 0
w 400 208 400 384 0
w 400 384 464 384 0
w 432 240 432 400 0
w 432 400 656 400 0
w 240 272 384 272 0
w 384 272 384 432 0
w 384 432 464 432 0
w 240 320 352 320 0
w 352 320 352 480 0
w 352 480 464 480 0
w 240 352 336 352 0
w 336 352 336 528 0
w 336 528 464 528 0
w 240 384 320 384 0
w 320 384 320 560 0
w 624 560 624 480 0
w 624 480 656 480 0
w 240 416 304 416 0
w 304 416 304 592 0
w 304 592 640 592 0
w 640 592 640 496 0
w 640 496 656 496 0
M 800 432 848 432 0 2.5
x 882 438 1015 441 4 24 VIA1\sEnable
w 320 560 464 560 0
w 560 560 624 560 0
w 464 432 560 432 0
w 464 832 560 832 0
w 560 960 624 960 0
w 320 960 464 960 0
x 882 838 1015 841 4 24 VIA1\sEnable
M 800 832 848 832 0 2.5
w 640 896 656 896 0
w 640 992 640 896 0
w 304 816 304 992 0
w 304 592 304 816 0
w 624 880 656 880 0
w 624 960 624 880 0
w 320 784 320 960 0
w 320 560 320 784 0
w 336 928 464 928 0
w 336 752 336 928 0
w 336 528 336 752 0
w 352 880 464 880 0
w 352 720 352 880 0
w 384 832 464 832 0
w 384 704 384 832 0
w 432 800 656 800 0
w 432 640 432 800 0
w 400 784 464 784 0
w 400 608 400 784 0
w 544 768 544 736 0
w 656 768 544 768 0
w 608 928 560 928 0
w 608 864 608 928 0
w 656 864 608 864 0
w 592 848 656 848 0
w 592 880 592 848 0
w 560 880 592 880 0
w 608 816 656 816 0
w 608 832 608 816 0
w 560 832 608 832 0
w 560 784 656 784 0
I 464 928 560 928 0 0.5 5
I 464 992 560 992 0 0.5 5
I 464 880 560 880 0 0.5 5
I 464 784 560 784 0 0.5 5
150 656 832 800 832 0 8 0 5
w 240 176 240 672 0
w 240 672 544 672 0
w 544 672 544 736 0
w 400 608 400 384 0
w 432 640 432 400 0
w 352 720 352 480 0
w 384 432 384 704 0
w 304 992 464 992 0
w 560 992 640 992 0
w 464 960 560 960 0
w 560 1392 640 1392 0
w 304 1392 464 1392 0
w 384 832 384 1104 0
w 352 1120 352 880 0
w 432 1040 432 800 0
w 544 1072 544 1136 0
w 240 1072 544 1072 0
150 656 1232 800 1232 0 8 0 5
I 464 1184 560 1184 0 0.5 5
I 464 1280 560 1280 0 0.5 5
I 464 1328 560 1328 0 0.5 5
w 560 1184 656 1184 0
w 560 1232 608 1232 0
w 608 1232 608 1216 0
w 608 1216 656 1216 0
w 560 1280 592 1280 0
w 592 1280 592 1248 0
w 592 1248 656 1248 0
w 656 1264 608 1264 0
w 608 1264 608 1328 0
w 608 1328 560 1328 0
w 656 1168 544 1168 0
w 544 1168 544 1136 0
w 400 1008 400 1184 0
w 400 1184 464 1184 0
w 432 1040 432 1200 0
w 432 1200 656 1200 0
w 384 1104 384 1232 0
w 384 1232 464 1232 0
w 352 1120 352 1280 0
w 352 1280 464 1280 0
w 336 928 336 1152 0
w 336 1152 336 1328 0
w 336 1328 464 1328 0
w 320 960 320 1184 0
w 320 1184 320 1360 0
w 624 1360 624 1280 0
w 624 1280 656 1280 0
w 304 992 304 1216 0
w 304 1216 304 1392 0
w 640 1392 640 1296 0
w 640 1296 656 1296 0
M 800 1232 848 1232 0 2.5
x 882 1238 1032 1241 4 24 ACIA1\sEnable
w 320 1360 464 1360 0
w 560 1360 624 1360 0
w 464 1232 560 1232 0
w 240 672 240 1072 0
w 464 1360 560 1360 0
w 560 1392 464 1392 0
w 400 784 400 1008 0
w 464 1728 560 1728 0
w 464 1632 560 1632 0
w 560 1760 624 1760 0
w 320 1760 464 1760 0
x 882 1638 1032 1641 4 24 ACIA2\sEnable
M 800 1632 848 1632 0 2.5
w 640 1696 656 1696 0
w 640 1792 640 1696 0
w 304 1616 304 1792 0
w 304 1392 304 1616 0
w 624 1680 656 1680 0
w 624 1760 624 1680 0
w 320 1584 320 1760 0
w 320 1360 320 1584 0
w 336 1728 464 1728 0
w 336 1552 336 1728 0
w 336 1328 336 1552 0
w 352 1680 464 1680 0
w 352 1520 352 1680 0
w 384 1632 464 1632 0
w 384 1504 384 1632 0
w 432 1600 656 1600 0
w 432 1440 432 1600 0
w 400 1584 464 1584 0
w 400 1408 400 1584 0
w 544 1568 544 1536 0
w 656 1568 544 1568 0
w 608 1728 560 1728 0
w 608 1664 608 1728 0
w 656 1664 608 1664 0
w 592 1648 656 1648 0
w 592 1680 592 1648 0
w 560 1680 592 1680 0
w 608 1616 656 1616 0
w 608 1632 608 1616 0
w 560 1632 608 1632 0
w 560 1584 656 1584 0
I 464 1760 560 1760 0 0.5 5
I 464 1680 560 1680 0 0.5 5
I 464 1584 560 1584 0 0.5 5
150 656 1632 800 1632 0 8 5 5
w 240 1472 544 1472 0
w 544 1472 544 1536 0
w 432 1440 432 1200 0
w 352 1520 352 1280 0
w 384 1232 384 1504 0
w 304 1792 464 1792 0
w 560 1792 640 1792 0
w 400 1184 400 1408 0
w 240 1072 240 1472 0
I 464 1792 560 1792 0 0.5 5
